# far-field mean per-atom stress (GPa), |x - x_line| > Lx/4, 15 A off the glide plane, outside the 2D layers + 4 A
# name variant sxx_top sxx_bot sxx_mean syy_top syy_bot syy_mean szz_top szz_bot szz_mean sxy_top sxy_bot sxy_mean sxz_top sxz_bot sxz_mean syz_top syz_bot syz_mean
Ni_screw_x-211_y0-11_z111 uncorrected -0.0643 -0.0176 -0.0409 +0.0371 -0.0107 +0.0132 +0.0297 -0.0238 +0.0030 -1.1666 -0.1191 -0.6428 -0.0085 +0.0037 -0.0024 -0.0060 +0.1538 +0.0739
Ni_screw_x-211_y0-11_z111 corrected -0.0221 -0.0286 -0.0254 +0.0094 +0.0061 +0.0078 +0.0040 -0.0060 -0.0010 -0.4856 +0.4946 +0.0045 -0.0053 -0.0042 -0.0048 -0.0822 +0.1079 +0.0128
Ni_30deg_x-101_y1-21_z111 uncorrected +2.3012 +0.1335 +1.2173 +0.9723 +0.0885 +0.5304 +0.2305 +0.5469 +0.3887 +1.0070 +0.1359 +0.5715 +0.0571 -0.0613 -0.0021 -0.0271 -0.0729 -0.0500
Ni_30deg_x-101_y1-21_z111 corrected +1.0686 -1.1047 -0.0180 +0.4477 -0.4672 -0.0098 -0.1884 +0.1866 -0.0009 +0.4127 -0.4077 +0.0025 +0.0663 -0.0736 -0.0037 +0.0327 -0.0300 +0.0013
Ni_60deg_x-211_y0-11_z111 uncorrected +4.0323 +0.2804 +2.1564 +1.7440 +0.2695 +1.0067 +0.3666 +1.0369 +0.7018 -0.5324 -0.0926 -0.3125 -0.0165 +0.0185 +0.0010 -0.0386 +0.0548 +0.0081
Ni_60deg_x-211_y0-11_z111 corrected +1.8930 -1.9655 -0.0362 +0.7584 -0.8054 -0.0235 -0.3502 +0.3476 -0.0013 -0.2343 +0.2690 +0.0173 -0.0208 +0.0209 +0.0001 -0.0214 +0.0708 +0.0247
Ni_edge_x-101_y1-21_z111 uncorrected +4.4910 +0.3362 +2.4136 +2.0511 +0.2585 +1.1548 +0.4244 +1.1659 +0.7951 -0.0010 -0.0052 -0.0031 -0.0011 +0.0014 +0.0001 +0.0254 -0.0913 -0.0329
Ni_edge_x-101_y1-21_z111 corrected +2.1230 -2.2569 -0.0669 +0.8834 -0.9593 -0.0379 -0.3780 +0.3593 -0.0093 -0.0012 -0.0055 -0.0033 -0.0008 +0.0017 +0.0005 +0.0281 -0.0962 -0.0341
